2002/08/11/big/img_591
1
123.583300 85.549500 1.265839 269.693400 161.781200  1
2002/08/26/big/img_265
3
67.363819 44.511485 -1.476417 105.249970 87.209036  1
41.936870 27.064477 1.471906 184.070915 129.345601  1
70.993052 43.355200 1.370217 340.894300 117.498951  1
2002/07/19/big/img_423
1
87.080955 59.379319 1.550861 255.383099 133.767857  1
2002/08/24/big/img_490
1
54.692105 35.056825 -1.384924 145.665694 78.101005  1
2002/08/31/big/img_17676
2
37.099961 29.000000 1.433107 28.453831 37.664572  1
79.589662 49.835046 -1.457361 112.514300 92.364284  1
2002/07/31/big/img_228
2
55.012198 33.056167 -1.540952 103.432230 107.856136  1
59.442926 36.625328 1.530747 295.300230 69.635719  1
2002/07/24/big/img_402
3
25.823639 19.002657 1.518290 347.991319 56.781250  1
79.154700 42.000000 -1.466077 120.500000 118.000000  1
16.065568 11.983094 1.520238 430.541176 58.189915  1
2002/08/04/big/img_769
2
102.467504 64.881072 -1.283213 86.723130 109.447408  1
88.826935 51.725088 -1.530065 244.468219 156.608952  1
2002/07/19/big/img_581
1
103.018162 70.017467 1.570796 155.093404 189.450662  1
2002/08/13/big/img_723
1
120.995008 89.192906 1.495311 171.346766 177.797280  1
2002/08/12/big/img_821
1
145.527525 96.040800 -1.518437 178.250000 202.000000  1
2003/01/17/big/img_610
6
81.251606 57.481700 1.420597 200.833100 104.475600  1
59.949500 40.960200 1.263273 40.795600 145.943500  1
62.651100 45.074100 1.563415 372.789300 118.841600  1
48.434400 36.325700 1.497914 156.818800 156.478900  1
41.580500 28.494200 1.449055 306.613400 151.305100  1
51.593300 37.253800 -1.488470 56.154600 91.337300  1
2002/08/13/big/img_1116
2
82.683200 54.767200 -1.489578 204.212700 111.123506  1
14.203246 10.392400 -1.517358 375.705100 108.794871  1
2002/08/28/big/img_19238
2
62.246401 42.213031 1.405678 87.926700 97.781900  1
66.917434 43.959762 -1.423536 368.092500 169.955300  1
2002/08/21/big/img_660
1
93.523000 60.692700 1.553853 187.149200 149.616500  1
2002/08/14/big/img_607
1
61.544600 41.289100 -1.538413 147.984600 72.234400  1
2002/08/05/big/img_3708
2
93.175900 69.281100 1.191737 144.524900 89.476000  1
88.523900 54.627500 1.286451 351.334600 109.846800  1
2002/08/19/big/img_511
2
74.671050 47.637375 -1.548706 131.910547 104.447371  1
58.026012 38.120713 1.296588 277.407629 86.200426  1
2002/08/07/big/img_1316
2
57.262299 37.612993 1.482828 117.972047 73.342964  1
62.979214 44.544787 -1.566561 331.256965 144.243671  1
2002/07/25/big/img_1047
2
185.551587 121.486235 1.512147 95.015995 45.368737  1
164.772023 98.149591 -1.368127 286.546014 169.086526  1
2002/07/23/big/img_474
2
91.990772 55.509415 1.284752 184.811946 102.971177  1
77.923557 47.714684 1.556450 300.205684 126.385676  1
2002/07/27/big/img_970
2
60.739249 44.908443 -1.346879 142.014345 74.223386  1
65.751189 43.316623 -1.178688 348.273553 81.086943  1
2002/09/02/big/img_15752
1
79.626468 53.294400 1.379793 227.389000 108.853800  1
2002/09/01/big/img_16378
3
72.925299 52.945200 -1.064759 101.717500 146.763600  1
81.161900 50.616200 1.565185 216.327500 97.737400  1
81.751500 53.603000 0.706551 335.328000 176.127600  1
2002/09/01/big/img_16189
1
77.474400 44.897600 1.372883 213.427900 121.807900  1
2002/08/26/big/img_276
1
112.987908 69.108300 1.510394 187.629223 151.904035  1
2002/07/24/big/img_518
2
90.630015 60.564696 -1.554291 155.083751 102.554973  1
85.998278 57.627686 1.373109 294.136206 105.890452  1
2002/08/14/big/img_1027
2
61.282341 45.205910 1.545306 39.210452 67.262556  1
66.315799 45.864671 1.351813 159.274299 169.327800  1
2002/08/24/big/img_733
1
118.930106 74.129334 -1.478965 202.731983 142.923873  1